1.88750404786662,0.717150516985321,0.588610767899167,-0.0205085927071107
2.35096995897178,0.0303962403837329,0.603206735809577,-0.00101751949715945
2.54637864045073,0.732162112731462,0.605676958703938,-0.0246958904862696
1.89391547383227,0.777922229047131,0.588719048197684,-0.0219450186716937
3.10070789211739,0.120114372414946,0.633656991072445,-0.0062109082271421
4.44998400681053,0.0244742961938903,0.809436239579478,-0.0090504874623204
0.022767090063074,0.0561004233964073,0.468467080180761,-0.124397830219699
0.150382489205038,0.0255260513627784,0.47314864741949,-0.00796882808683941
0.594394592524619,0.893137593248405,0.561159693737189,-0.0508275439654077
0.143333290582009,0.757053502726871,0.52286582780914,-0.0778895744888617
0.348936387338468,0.0310860714087053,0.510097858252609,-0.00352056868987805
0.0657711378709991,0.294970599985456,0.502157249688935,-0.040645151970071
0.152520909711698,0.452063607575357,0.510748313820244,-0.0472063746031766
0.0627192549032223,0.397231462103621,0.503757793518955,-0.0451057294936585
0.499151934950653,0.120138886479121,0.525816666795945,-0.0100347226089814
0.033851741443741,0.347231462103621,0.501171128258503,-0.0457392669075544
0.95,0.0288675134594812,0.553870284059798,-0.00143643528840254
1.14743037977387,0.879359718897802,0.573907196079479,-0.0303208758924955
3.14558499906283,0.649209857333626,0.627839125775758,-0.0319401838057601
3.74964196763536,0.0302672279619435,0.679821371399657,-0.00302234823969105
3.84394662906273,0.524587470821123,0.671497169166761,-0.0514246689698552
4.95074161804691,0.028415628026583,0.949560030996786,0.201069407917374
4.54038162475267,0.331068717976644,0.781660189503066,-0.119851944588539
4.79859749290308,0.159664694137483,0.989004834695006,-0.211570614396305
4.69403492111173,0.136722613174214,0.914817150128321,-0.110505436015896
4.75032642239182,0.0403107080078303,0.994083724650729,-0.0430424096228691
4.84827107051126,0.178831832854141,1.00989594758567,-0.336729913710803
4.64823020483791,0.0309516462057442,0.908405275898942,-0.0227439710412481
4.72881162721533,0.248598006212365,0.859794741635452,-0.180536493959936
4.74580471627382,0.188620151074204,0.913778518386068,-0.178650139069848
4.35489935153579,0.033571322860669,0.77958256745382,-0.00946053989810314
4.48035512048838,0.314168110512898,0.775364423975981,-0.101902923370932
4.3084495213238,0.0670354926154073,0.766776572206713,-0.0171543985227773
4.38194625161114,0.160768712002938,0.778800429271799,-0.0469291620543756
4.34145796437903,0.394865896437275,0.735420524075086,-0.0873440673642883
4.28354892521023,0.380571532480131,0.729962133575502,-0.0772781945273462
4.43997349573571,0.362934793386472,0.756254169526338,-0.10078984425354
3.79781006931862,0.0584088133397086,0.684843954048207,-0.00619077364171616
3.89606950595854,0.111341041086864,0.695062174360398,-0.0134118306650347
3.9434244485881,0.501524781364763,0.680873542683687,-0.0561155666797273
3.98633080445873,0.459449349716424,0.687983802875099,-0.0559789735270132
3.88737107765082,0.483577587956211,0.6776794503437,-0.0512904808516208
3.95,0.0288675134594812,0.702507236989565,-0.00380201322283114
3.74621138921953,0.545289130376161,0.663338196555178,-0.0474764539885193
3.64994632879059,0.0311728473790736,0.670559242498778,-0.00275212864397745
3.55,0.0288675134594804,0.66226920770802,-0.00227606491605414
3.64454467372724,0.564403228186172,0.655876540463001,-0.0438451891390081
3.50051161881126,0.0565464858690947,0.658619939303837,-0.00423105013442548
3.28075329965684,0.533509502592326,0.636857544032049,-0.0301348762712792
3.3454203930759,0.615786979734266,0.637678164394363,-0.0357668113737742
3.69075606294677,0.526207241884295,0.660772261243044,-0.0438070958290226
3.24541366088962,0.633616994805041,0.632532169750888,-0.0337621114380379
3.65020938837342,0.161520413589275,0.66948825800347,-0.0140846050871124
3.44548541628205,0.597759524875776,0.643275871678668,-0.0380594985965486
2.98283312914395,0.5801978098715,0.622686639493599,-0.0259436328981304
3.04574279134026,0.664232359496879,0.623490135781781,-0.0303246611749917
2.95,0.0288675134594808,0.626457291864388,-0.00133891241823636
2.70026604283208,0.121541426522801,0.615760621227741,-0.00479060857894098
3.09132779040309,0.627903564894894,0.626145763032424,-0.0300155974923254
3.19099865995245,0.612600335898209,0.630734639678584,-0.0316470511216757
2.84602416611167,0.692737232546721,0.615668021054108,-0.0276250890240924
2.9,0.0577350269189619,0.624272454765556,-0.00258675271464093
2.74615032770196,0.706292596168572,0.61213097332405,-0.0265093703353619
2.65,0.0288675134594812,0.613874061443918,-0.00110988779161125
2.64626820017779,0.719425139173538,0.6088079994302,-0.0255351975207732
2.79217449381363,0.670687038560667,0.614212210476615,-0.0261541910742732
2.45,0.0288675134594811,0.60658185347225,-0.00100792850760867
2.24681726604041,0.767175885174643,0.597259763630725,-0.0229421218431346
2.25,0.0288675134594812,0.599871497700966,-0.00093951697991812
2.30096995897178,0.0592637538432141,0.60161031381059,-0.00195881535896347
2.19357672225039,0.744024017138708,0.596022958611103,-0.0221095733581875
2.00008308952448,0.0595461993313947,0.592040979218547,-0.00185246544702433
2.14675945620998,0.779610009702973,0.594714876662583,-0.0226542270532625
1.95,0.0288675134594814,0.590412718489169,-0.00089603397671556
2.0468420609591,0.790693041965498,0.592291420983783,-0.022488250835735
1.9,0.0577350269189627,0.588941015229629,-0.00179124082480842
1.94692046581442,0.801497146323323,0.589970083168945,-0.0224759747523531
1.5,0.0577350269189628,0.576162733706864,-0.00195645987728932
2.3465800778599,0.756544902437219,0.599915201502349,-0.0234097866501582
1.64713367512138,0.832370190723283,0.583515449498898,-0.0235108127836704
1.55,0.0288675134594814,0.577747876558677,-0.000959223873351345
1.45,0.0288675134594814,0.574357389818836,-0.00100120387209679
1.54719831028764,0.842187812359459,0.581502106153561,-0.0242813168128031
1.7,0.0577350269189625,0.582693167918547,-0.00183397697823284
1.59433198540902,0.808431366107898,0.582153339334352,-0.0233213245467083
1.25,0.0288675134594813,0.56702779588228,-0.00112473607845298
1.09983754827467,0.119503184795322,0.561148949730987,-0.00519401895598304
0.7,0.0577350269189625,0.539877424567023,-0.00372692360506466
1.24737597605511,0.870363826810379,0.575753937109157,-0.0282847120142489
1.04748263193102,0.88817085930893,0.57208126619167,-0.0327960648320276
1.05,0.0288675134594813,0.558626780917951,-0.00131258451278016
0.588599661086895,0.829816211662302,0.557459220708521,-0.049153509927765
0.547097286348602,0.92776127739931,0.562723022038554,-0.0548301090762638
0.75,0.0288675134594812,0.542842928393581,-0.00176301634695197
0.895114074177312,0.872183132316733,0.567958114363633,-0.036904862499604
0.65,0.0288675134594813,0.536352188801237,-0.0019806747137332
0.647297306176017,0.919930218759661,0.564649315047779,-0.0486930678554051
0.55,0.0288675134594813,0.52899182719268,-0.00225704557705531
0.0288675134594813,0.45,0.501983063243184,-0.0524384396999804
0.75,0.150412840715206,0.543649663153991,-0.00912357647052808
0.0593413848425874,0.500756190372091,0.504568327812806,-0.052253286996426
0.0304738713831061,0.550756190372091,0.502799724002131,-0.0605391051254892
0.795208973524381,0.880563241017746,0.565862200334554,-0.040774588725608
0.056504016360114,0.69805017094256,0.507031383892909,-0.073363270649655
0.0333333333333333,0.964255089247329,0.781043782570134,-0.257726376655928
0.494855034054719,0.90282643417444,0.558726861437298,-0.0574409107992724
0.12052323464922,0.846964660515549,0.531340795869721,-0.0926165262017905
0.0276365029006327,0.74805017094256,0.503616473954197,-0.0891596366156239
0.222831781766676,0.834036481596968,0.538854196888158,-0.0778485841649279
1.93393610320509,0.679953923000214,0.589768198751993,-0.0196330743122427
1.7,0.118512020050794,0.582719332258057,-0.00375654154710447
0.0278857069767076,0.149547957497792,0.496300639079006,-0.0536911190507721
0.6,0.0577350269189625,0.533019015849301,-0.0042105018513714
4.14238302919988,0.454277531327895,0.703552492882874,-0.0686683141352488
3.91613125392166,0.377542949041396,0.686665275485127,-0.0434459460003154
0.0319193964272581,0.247739137881835,0.499782278985512,-0.0443365760241498
0.0598051034039657,0.197287095379627,0.498343763280031,-0.0407116120020694
1,0.0577350269189625,0.556432063628564,-0.00274132854362841
0.847581207348998,0.905267328885522,0.568458014323856,-0.0393510334377062
0.106482912601445,0.0482931414258524,0.462615812237527,-0.0235224833848783
0.0561004233964073,0.022767090063074,0.396652226038867,-0.0400030611625287
2.05008308952448,0.0306786858719133,0.593530096763287,-0.00095890983418534
2.44648238651796,0.744528001786258,0.602718422802015,-0.0239877328036031
2.75,0.028867513459481,0.617813945633944,-0.00117499666847132
2.69241852787975,0.684028301304133,0.610733334506129,-0.0251621902816622
3.34920296579019,0.0273138140793124,0.648064448964602,-0.00176542925915535
3.20026003782015,0.0588062736325858,0.639258560857474,-0.00331297642014816
0.174807233036835,0.868858217440838,0.539033375868057,-0.0860646684885064
0.0241245145977847,0.842776862917057,0.502941173058919,-0.122754715733498
4.89901268855816,0.0649204300505013,1.18610359690778,-0.00244952292700751
4.89901268855816,0.12439827677499,1.3377154225587,-0.174520560593997
3.59994632879059,0.060040360838554,0.666390167387903,-0.00500125270413387
3.0002403939424,0.119998138648136,0.628692231206948,-0.00574928683095111
1.44726011101851,0.851786412578249,0.579543055249764,-0.0253095994300596
1.74706598815521,0.822323349039564,0.58559180654876,-0.0229687676017323
1.34731927365464,0.861175473016902,0.577629789357814,-0.0266303993573428
1.5,0.118510817789384,0.576229350467065,-0.00400695227996217
3.54584727717818,0.158291705361447,0.661117129942722,-0.0122942541908185
3.05,0.028867513459481,0.631244701298698,-0.00144098515498592
2.94588871377438,0.678728573253613,0.619444583052445,-0.0288922994195322
2.99163150511464,0.642659034075217,0.621887493141789,-0.0285682345394966
3.69958829642594,0.0614400753410171,0.675109499774259,-0.00575015514036792
3.77770139988979,0.445589621848731,0.670905582993746,-0.0420518270422214
0.161147088023545,0.232682282651324,0.502104241791136,-0.0340535037762848
0.294405864769661,0.121252001834493,0.506291267651455,-0.0152920341902522
1.84699500801785,0.812036293610924,0.587740204337288,-0.0226306106132338
1.69419966327659,0.798500101279487,0.584279638190723,-0.0226573780454906
3.99943770910046,0.0605113598549879,0.709291694963231,-0.00859643274017163
4.18447399003108,0.41240520501147,0.713162826724467,-0.0691165339899523
4.69855662722973,0.0712623542135746,0.942318180167027,-0.0622883807579183
4.40488335834632,0.0580456190545593,0.794333581237231,-0.0189380621720121
1.85,0.0288675134594813,0.587312044867349,-0.000897838476209611
1.38018235052183,0.617946085321603,0.575424926808239,-0.0204237013806129
1.65,0.0288675134594812,0.581012618361137,-0.000928669779788005
1.6,0.0577350269189625,0.579480822098298,-0.00188434836689566
2.40149828261483,0.121217235798998,0.604895217433838,-0.00413943063036648
2.59264684062852,0.696960653829086,0.607459309324093,-0.0243024632929716
3.29083405396552,0.595085889305475,0.635753268571432,-0.0334121775239677
3,0.0577350269189618,0.628894810735035,-0.00277639005008845
4.15,0.0288675134594806,0.733242709572689,-0.00533073480367996
4.07078310785372,0.372303507241295,0.703476668725349,-0.0534612544594533
0.447757747706116,0.937533164371295,0.56104212488334,-0.0622654680112187
0.347798137104883,0.945230727358569,0.559005387747301,-0.0715006741002399
0.8,0.118507846972858,0.546295983155216,-0.00682892865725138
0.45,0.0288675134594813,0.520466029061305,-0.00263784755549423
0.0506527970397816,0.1056483808942,0.485784034978681,-0.0524179461786967
0.101035286244819,0.0978410989236447,0.478947020879255,-0.0367118532293247
0.0517610174984174,0.790827033859617,0.510103713665607,-0.0898170774589098
0.106810345474735,0.795092245383285,0.521306506604536,-0.0869876856710792
3.49066618428049,0.55718293813818,0.647242381218556,-0.0376225628822047
3.39090580935794,0.575787711102501,0.641265741130391,-0.0353528437867808
0.747627766175383,0.91356580326991,0.566642733437475,-0.0436173947656165
0.386493044697758,0.849077598845608,0.550507534649636,-0.0635507452951755
1.29469524970976,0.836919509420251,0.57601792564404,-0.0268819848585832
1.19480635582898,0.84601090877502,0.574016283655263,-0.0287173834103484
0.947532866828314,0.896804470404113,0.570267757624034,-0.0357785013557474
0.995015498759334,0.863635491319275,0.570002092456261,-0.033661860572697
3.08227161352983,0.565879735675098,0.627039519440919,-0.0272106514048338
2.89191287988606,0.656908051615871,0.617920733460479,-0.027285948649824
4.04290635587063,0.478159712874274,0.691466104346937,-0.0617658417801761
3.94439472373076,0.150310245523377,0.700003700660592,-0.0192941222122175
3.54518076799844,0.579908716370257,0.649355089329859,-0.0406952511435914
3.58972544172568,0.541888555780657,0.653619932351742,-0.0404413542720879
4.49642678349139,0.0541014327271561,0.827622725155263,-0.0229077028790006
0.5,0.0577350269189626,0.525199162832773,-0.00484209682975112
0.398936387338468,0.0599535848681866,0.515972331433388,-0.00599640513849498
3.25026003782015,0.0299387601731048,0.642034724569308,-0.00175890088302844
3.29946300361034,0.0572525742524171,0.645072566828804,-0.00351829204446064
1.49445842130615,0.818138580584992,0.580074933037207,-0.0242246482741413
1.09491301170489,0.854913748740085,0.572015803302855,-0.0309569842700138
4.25355016978801,0.0334641697547383,0.754192606193529,-0.00750836039649483
4.20355016978801,0.0623316832142189,0.743479576960709,-0.0127550300311753
3.1270371951264,0.525259104028097,0.629799405515752,-0.0263222481309597
3.30157943398739,0.119936539743707,0.644866477200651,-0.0073488115065532
4.638301138958,0.300785278597174,0.811853777584182,-0.146241300952153
4.66711276617334,0.251584818498886,0.843153150579929,-0.151124904494032
3.84816810168327,0.0281415853777651,0.69017958345576,-0.00322916698250542
3.89816810168327,0.0570090988372463,0.696165103888322,-0.00694503943446079
0.447287663570161,0.152965138029939,0.522092034846805,-0.0137360773543733
0.395555884810999,0.91252669538672,0.555986982614702,-0.0654453375641355
1.79406099617306,0.788334197859906,0.586464595346756,-0.0222060625865844
1.99376252677352,0.767251833683303,0.591054087953045,-0.0218557907064838
2.29339734390032,0.732493069230713,0.598673360573863,-0.0224576258349689
2.39306246437786,0.721699368947798,0.601441499330419,-0.0229644499363835
2.7,0.0577350269189623,0.615894403812881,-0.00228246836352508
2.85059455715978,0.155004352565443,0.62179429082481,-0.00668443582099931
3.49713452263647,0.119411241769683,0.657907948448717,-0.00884470025221862
3.68199435542964,0.470711180929189,0.662610840475176,-0.0395486255411494
2.00025311045748,0.122991972362922,0.592022657832532,-0.00381758226646611
2.19997712656396,0.0589445752844377,0.598330162198875,-0.00189319266869681
0.989765002233959,0.802863270511447,0.568252674647118,-0.0323364921826793
0.9,0.0577350269189625,0.551462771533754,-0.00301191223960795
2.40096995897178,0.059263753843214,0.604963254990631,-0.00202921854569305
2.80029720675543,0.121037570969536,0.619800451064483,-0.0050639937746737
1.4,0.0577350269189626,0.572699431905951,-0.00205261469207696
1.734696820539,0.700779486136828,0.584935200870506,-0.0202857824097007
3.15,0.028867513459481,0.636409412024873,-0.00155947621534769
3.1,0.057735026918962,0.633868092197636,-0.00299630619401892
0.486988909305767,0.838224050282775,0.554143654136418,-0.055677440374429
0.122226173163271,0.502819797947448,0.509755297208196,-0.0518485351373509
3.45051161881126,0.0276789724096142,0.654869669047374,-0.00196073890198734
3.39971458460145,0.0549927864889266,0.651508544786563,-0.00371540766239487
1.1,0.0577350269189626,0.560972507894271,-0.00251558890819437
1.55,0.150419670649064,0.577946059853662,-0.00497630085132428
0.699605148271241,0.257550237067928,0.542129621848367,-0.0162645774685013
1.03687352523951,0.766626405012431,0.568562116426454,-0.0301725007200866
4.84827107051126,0.0365048020239183,1.09445380148845,-0.0347199248598162
4.79859749290308,0.0768155100317487,1.04595147936069,-0.0947378968121476
4.2420909608312,0.429093396597669,0.717594882106551,-0.0772327277229765
4.08528938507051,0.435971666940741,0.69967579960459,-0.0618046610023165
4.25821844989222,0.221740237195873,0.744659705356581,-0.0476943875478316
4.38143146011474,0.344552891078218,0.750701357671972,-0.0870941226515567
0.123487862834755,0.397231462103621,0.507311295700972,-0.0442950465383843
0.397072115957976,0.121647349878486,0.516878209087702,-0.0120684004535152
1.39457938467315,0.827631577919104,0.578033534712259,-0.0253990670988965
1.48862014895152,0.757366429045697,0.579460837124941,-0.0229175477737839
1.15,0.0288675134594813,0.562989966346249,-0.00120958584645114
1.2,0.0577350269189626,0.565156535051117,-0.0023285897110461
2.30425248423077,0.244011787175508,0.601412392807607,-0.00799936202141249
2.49286102696869,0.709509923949853,0.604368426634848,-0.0235704801701777
3.72499306330994,0.429071093661099,0.667568234062051,-0.0383351077413834
3.18150703288927,0.550673411812476,0.631734141653533,-0.0286178825793371
2.14997712656396,0.0300770618249565,0.596668528615907,-0.000955636733451559
2.10006021608844,0.0607557476968698,0.595160030935451,-0.00191233272876101
1.08955440153875,0.794141515251414,0.570559907279059,-0.029654473932493
1.35003617494405,0.151384491960463,0.571097518123494,-0.00550988677712705
0.689354302410576,0.824027423148285,0.560519868248784,-0.0438112991644437
0.6949250723514,0.887006326984617,0.563598450614052,-0.0453542002211836
0.245075179652066,0.952442181257614,0.55739019039428,-0.0843035489998105
0.292873316756949,0.919806534621976,0.552411013993398,-0.0754688260960545
2.55051923664992,0.155783576117088,0.610036671570878,-0.00566708592425291
2.35378204990711,0.152303145757747,0.603237216293104,-0.00510314322976346
4.29967641427124,0.269500945124442,0.747259974993586,-0.0612371979533525
4.4003537291444,0.22495750073745,0.774793850866134,-0.0657603309652628
0.141349392075118,0.959312280177585,0.537755513174889,-0.0977858214419862
0.186424571727184,0.926394277439267,0.545668217172449,-0.0890778720809872
3.79015801828226,0.506311597608687,0.668770053681436,-0.0473896572938125
3.97221689687732,0.396174702493631,0.691072698520369,-0.0487911625916533
0.122354565532063,0.604849631494944,0.512459392432884,-0.0611038510418568
0.635931604797469,0.793629933337226,0.557244731329363,-0.0453648867824143
3.8741917905658,0.422870402855637,0.68016498385293,-0.0452522206417096
3.69977099974945,0.369904451095001,0.667987960733311,-0.0327073437408125
2.85,0.0288675134594811,0.621995285032371,-0.00125086523283102
2.8,0.0577350269189622,0.619952921554739,-0.00242319193701068
2.09360151716908,0.756309605923451,0.593481244014472,-0.0219234304365896
2.1875487875274,0.683438588704942,0.596200397875692,-0.0205057698222473
0.119809179666702,0.188131853769671,0.496628785101649,-0.0358921729635228
0.200382489205038,0.0543935648222596,0.489235381590063,-0.0107584065160666
1.75,0.0288675134594813,0.584189235028215,-0.000908492668142635
1.8,0.0577350269189626,0.585835606538061,-0.00180344878335681
2.58462468819781,0.633703287709553,0.607927554467463,-0.0222445263142508
2.6,0.0577350269189623,0.612059933642444,-0.00216210620889556
1.68808827412805,0.737728108638482,0.583947865085008,-0.0213002954592786
1.9,0.118513453919873,0.588932886452852,-0.0036691313353846
2.6002349410024,0.121743933550683,0.611943949310095,-0.00454629372862114
2.50028429564752,0.120642182944848,0.608322092247554,-0.00429390419932085
0.85,0.0288675134594812,0.548641038229838,-0.00158476379444739
0.8,0.0577350269189625,0.545979390857006,-0.00333589044258842
1.18936649718156,0.783370051685174,0.572782467184724,-0.027381435210172
1.13663191096031,0.755946628319284,0.570948296875769,-0.0276966918829054
3.20107666079601,0.119952368954456,0.639022887179697,-0.00673151794620952
3.44708225437558,0.142648008135266,0.654117055688627,-0.0100191454579841
2.55,0.028867513459481,0.610140640697063,-0.00105446292072631
2.5,0.0577350269189621,0.608416212756643,-0.00206024956832807
1.950170020933,0.153091713491919,0.590474293152634,-0.00473339240582882
1.6,0.118511393238124,0.579526262907467,-0.00385952435487447
1.35,0.0288675134594812,0.570799519118261,-0.00105587287122089
1.3,0.0577350269189625,0.569047062207024,-0.00217556706335675
0.25,0.0288675134594813,0.496516603931314,-0.00454579387105192
0.298936387338468,0.0599535848681866,0.50472225884409,-0.00770428275736013
4.19968905590144,0.249469516269689,0.731742032871631,-0.0472928515031181
3.99593102855594,0.127622149669266,0.70735148385626,-0.0178010985809935
3.39966231634056,0.10709706631399,0.651195497188524,-0.00720078500804666
3.48185940347329,0.489311240212986,0.648976319088332,-0.0333885857503389
2.68366741096224,0.618838659439012,0.611285776410392,-0.0229090619918727
2.55092840727495,0.229321296803814,0.609804557203461,-0.0083091619479394
1.63505056986045,0.710826113249047,0.582591217444951,-0.0208856641925685
1.27957021984773,0.628220515446747,0.572742081531168,-0.0218845761215125
4.54644277668086,0.0296271365332658,0.849717058709911,-0.0151204780203424
4.59467298151877,0.06057878273901,0.873960113985022,-0.0355625773479071
4.57125860944415,0.232644992240761,0.820681714894655,-0.106221469660129
4.57868276371067,0.289829819635788,0.804137134376615,-0.124861875327617
4.20355016978801,0.123263967710506,0.741147856844878,-0.0247571851985796
4.26603295093851,0.324436534863986,0.734665255321961,-0.0664987123992381
1.45,0.150418565665291,0.574600588420991,-0.00519290682271079
1.4,0.11851028825435,0.572789524999528,-0.00420354695376579
4.04943770910046,0.0316438463955067,0.716546189653035,-0.00489724330184016
4.09943770910046,0.0605113598549873,0.724542402943089,-0.0101696312324885
4.58724882725225,0.118054674402911,0.859431935453354,-0.064508718153394
2.08715074707113,0.696403132539836,0.593560324654108,-0.0204003978231204
2.15450107571669,0.222526598111247,0.596718997504746,-0.00702235009672902
0.0288675134594813,0.65,0.503194482908497,-0.0722337605549188
0.0593413848425874,0.600756190372091,0.505686731139811,-0.0615214661867652
0.533436230161927,0.799837511921542,0.553629247455227,-0.0511836554169204
2.90029735040434,0.12056932197435,0.624097622258604,-0.00538367672719697
2.95053774434675,0.153964920244043,0.626216477233986,-0.00710444707695346
2.72863400872665,0.575523984574361,0.61334051738191,-0.0219972053356544
2.65050098383448,0.156682819695041,0.613735058155625,-0.00599786271721892
0.13499475320455,0.289068986364901,0.504202845767769,-0.0381930328467932
0.342541593389169,0.154078253385311,0.512590604316919,-0.0167928056711023
1.33626492751963,0.736840058655712,0.575641407461202,-0.0240157780220539
1.19954340594419,0.118705571563727,0.565284787261494,-0.00477733007658687
0.220742843102867,0.456820235848959,0.515868156927836,-0.045315172700325
0.6,0.118507241944153,0.533507550980297,-0.0086134982750411
2.8833202577186,0.593888420312679,0.618634069946066,-0.0248155920314287
2.78340929175583,0.605108068831576,0.61486052873869,-0.0237454866002513
3.15152451509325,0.152392954277335,0.63612566206614,-0.00818973793857158
3.35126712790635,0.142102059395665,0.647778618372871,-0.00909826766851185
3.20492249858461,0.248128075028893,0.63812661307502,-0.0138160333075847
3.42777412367327,0.466381671321612,0.646493557206915,-0.030434351585534
3.65458571857521,0.233889474235247,0.668425456830847,-0.02026846041079
3.59917070214356,0.126599796839933,0.665717633268468,-0.0104599877549344
2.13428075138904,0.659118107885591,0.594917684495207,-0.0196229911293218
2.92849771563624,0.553247717746703,0.620995612798276,-0.0239758776675155
3.22584127951777,0.510113684006159,0.634721809183143,-0.0276947512838401
3.10455771715783,0.320520384260363,0.632083853426572,-0.0163239991391982
0.7,0.118507534120791,0.540264212586863,-0.00762824345665913
0.790162548894553,0.819791072224989,0.563379023634331,-0.0393601650316417
1.65,0.150420872910474,0.581170351982011,-0.00481879974611288
2.52983551600663,0.607232683122207,0.606490616676638,-0.0208623217739067
3.58907931932109,0.337865097168,0.660620504699605,-0.0266648754603964
4.14957129034104,0.22341465807201,0.72562011102109,-0.0391516777598399
0.117151476065173,0.702788291203203,0.515726512552238,-0.0725477477266848
0.156371840393266,0.5569132390703,0.514163197827053,-0.0554969733237224
1.29669165266082,0.253585214587616,0.569633245849586,-0.00944265859970561
1.44696048386595,0.224363709359276,0.574725676128248,-0.0077116671612526
2.19997712656396,0.119725732486646,0.598276722983202,-0.00383673858849365
2.05568603023755,0.381283794911943,0.593485164896921,-0.0116709246352475
2.70201624255341,0.266908043482974,0.615200280276258,-0.0104376001137891
2.45081261929058,0.153728151441151,0.606522265201418,-0.00534746432337285
3.58217110243076,0.474742888714524,0.655688497974427,-0.0358851004432932
3.81831072358524,0.403158309960593,0.676338674785119,-0.0405591102100975
0.152528153854016,0.658831561383495,0.517733043660105,-0.0656217363049683
0.430828782843924,0.809481683938518,0.549666721241896,-0.0582715214633188
4.42286250092441,0.116373174835336,0.795417634749178,-0.0386105533586993
4.35716588427867,0.27532293738153,0.757562179548179,-0.0702158370345345
1.28935152239264,0.773356291756233,0.575005021734846,-0.0255250671738327
1.23659239009058,0.744159752056515,0.573279427391727,-0.025614089055977
4.098470635935,0.126394620995402,0.722521500275693,-0.0208877938190859
4.14903292683455,0.155683059096182,0.729618450728355,-0.027928070554769
2.6623210839915,0.470259377210228,0.612170295812937,-0.0176060847308943
2.4843400549553,0.64783786046013,0.604725215197553,-0.0216646138901324
3.6282286269152,0.441761500164933,0.659996546797855,-0.0353662339641219
3.52594987952153,0.373367032440017,0.655210893068452,-0.0273799024314275
3.15231620211907,0.21781764259063,0.635640861255078,-0.0116507729444769
3.0509482860598,0.153509970684639,0.630978145178002,-0.00762263758428694
3.59585803196898,0.270665663342491,0.66288074816238,-0.021819548938651
3.52881964789633,0.44489135137893,0.653270525061651,-0.0321480136966316
0.737010571604731,0.789814730640821,0.560532906101749,-0.040600804478588
0.889967556296289,0.811410933559258,0.565869485506357,-0.0355435777054811
3.38200129755636,0.512281555473531,0.642648563986781,-0.03171445259801
3.32643512696563,0.490704437392147,0.640257699745843,-0.029090803056839
3.36812213422292,0.21453059709883,0.648065319417148,-0.0138545143471718
3.06379057926481,0.430618970392391,0.628612690069651,-0.0209357167696084
3.79781006931862,0.119251452981773,0.68404875246391,-0.0125420076928334
3.7006269826558,0.125228205549839,0.674499583270514,-0.0116446086798202
0.138272272444481,0.132585433917281,0.48979891092778,-0.0308808644140947
0.163843964708825,0.341329848483067,0.507899323500817,-0.0396842461549749
1.8,0.118512704515709,0.585844027815037,-0.00369411718263191
1.85,0.150423618057138,0.587399686869837,-0.00466037311745304
0.9,0.118508182477752,0.551725143519034,-0.00616602404695965
0.65,0.1504122356865,0.537338200121331,-0.0102345699938824
1.38886876585525,0.766859381221933,0.577249160430372,-0.0241056723990762
1.43571121984598,0.730242064341783,0.577974557111863,-0.0227548779908738
2.07741449515351,0.568739275143016,0.593707896430065,-0.0170192859696477
2.15064099622011,0.154331875066321,0.59668114922533,-0.00488481117998896
0.462575732742773,0.695208433351689,0.544076903314764,-0.0502368562630929
0.416103281579038,0.737681806713312,0.544016696069914,-0.0554454640565457
3.75068065386522,0.15489799781283,0.678708142729428,-0.0152582085486337
3.79974173518046,0.341175542257539,0.677556011074931,-0.0342532745278937
4.16834568687091,0.351789460904384,0.717441500276583,-0.0596408128406231
4.20844668339931,0.312342654874438,0.727130132948653,-0.058101954240005
1.58836026929664,0.747659281274668,0.581689082232051,-0.0219929261035836
1.53538832182063,0.720643575986934,0.580276078168873,-0.021699085686177
4.31751727882107,0.1359053259769,0.764901896538976,-0.0345354909164804
4.26261792728528,0.163266287612518,0.750549341858773,-0.0364220281980985
4.48107259273615,0.112428988507932,0.81549437281858,-0.0439472619305955
4.46500092973314,0.245420771560563,0.787203359633727,-0.0825491752200611
1.04983754827467,0.151409187272454,0.559113875640607,-0.00684694496834026
0.837388264838147,0.783722961335291,0.56342965737092,-0.0365412221418916
1.98718959012983,0.706480322422004,0.591041402517435,-0.0203684950536271
2.03381835421747,0.670015057320584,0.59229122076096,-0.0195655944731044
3.02788823849631,0.539747306073365,0.62523565680605,-0.0250910201010239
3.01869831708168,0.471620706604185,0.625982164721832,-0.0220457670612575
0.549151934950653,0.15204358804483,0.530223243776917,-0.0117569196390366
0.259624112922163,0.515250257677699,0.521039946973076,-0.0481990968897134
1,0.118508542855577,0.55664966217262,-0.00561230406203317
1.14938095421885,0.151606215980604,0.563385042376124,-0.00632137656829668
3.53815827680182,0.229988511218033,0.659403297626746,-0.0175506556010838
3.63800661218033,0.376408027557322,0.66302533500378,-0.0310176238562786
2.10072408574459,0.124229403736026,0.59514131740204,-0.00390162072442646
2.05091698011363,0.157598114942597,0.593572889949027,-0.00490806978127767
2.61755634023791,0.516407837802618,0.610194051941892,-0.0187680450290394
2.75056324958751,0.155976457113894,0.617645398700086,-0.00631990948347017
0.282247257561908,0.85893689495976,0.545688149113633,-0.0734921585561578
0.328109237796601,0.820911991155241,0.544991303012626,-0.0668954468590314
1.43104162043544,0.655895714580416,0.577153778065291,-0.0209401258302998
0.85,0.150413489072167,0.549318033780505,-0.00820675706333229
0.937135852421916,0.77526005083881,0.566054295137372,-0.0330795540340716
0.849999633972367,0.218120958856367,0.550006152519228,-0.0118116931487557
2.43029452395206,0.620417600509121,0.603364698869618,-0.0203776950268745
2.23386098127483,0.643936321071275,0.59764631844128,-0.0196972993066368
0.675548542086627,0.685373163849357,0.553842414446644,-0.0392929773872062
0.628635625704529,0.724551527459291,0.553611544534238,-0.0430192339154734
0.931109616151568,0.706797742365965,0.563902999110273,-0.0311970887225061
1.23082790346855,0.67359092188599,0.572024336704519,-0.0238459100513946
2.02967695885901,0.602021553052226,0.592347113549533,-0.0177933529443035
1.97838815760734,0.568791728788427,0.591043156401806,-0.016821212115847
0.949999606828881,0.218122710571769,0.555021062957876,-0.0107165088718314
0.95,0.150414184954885,0.554444566775566,-0.00744139667766619
2.81971930989477,0.492978961761747,0.617656643927718,-0.0201359494692561
2.82866634188642,0.564138631514438,0.61705437990591,-0.0229060653777573
2.3319848372648,0.631452428980203,0.600442653942522,-0.0199572026344317
2.62949493082958,0.590978131188884,0.60982742886452,-0.0213647990549237
0.899999240801248,0.253924177878837,0.552995150440949,-0.0130215127942728
0.999999183785411,0.25392673298087,0.557712980943413,-0.0118633426874508
1.13058936338882,0.688257855290243,0.569466200708605,-0.025974595888816
1.09950860633404,0.254298232131625,0.56201972089021,-0.0109144849676673
2.38539557382536,0.659261031160383,0.601750765257082,-0.0211403234784021
2.28646899385772,0.669838933561112,0.598922174994666,-0.020718624608641
1.78780321770539,0.727562327598175,0.586250674541713,-0.0208129858300057
1.83432580358453,0.690492711287383,0.587322719913353,-0.0198750656151337
3.2149985458284,0.442509240130398,0.63560469668043,-0.0241383155658723
3.25319309117306,0.153768820986264,0.641751939283757,-0.00900204617163092
1.84797440428126,0.221843924628264,0.587365327975252,-0.00684368367585331
1.87821797450612,0.57680249796932,0.588385401277653,-0.0169757003157331
1.30003617494405,0.119476744084557,0.569167446596967,-0.00449097020715994
1.24957958088824,0.151579775269839,0.567366699554909,-0.00587715484272877
0.808823116197903,0.487036841290763,0.553092289012477,-0.0260001632889633
0.800024255402922,0.255358440944015,0.54783504904198,-0.0144773608375645
4.11174844882291,0.329993627521363,0.71196099662113,-0.0516236696264574
4.01428617107243,0.351216905952035,0.698595354713854,-0.04685396230823
0.309774612842626,0.754131253925335,0.538368508199459,-0.0639334592374535
0.222437747151464,0.34854321846156,0.511854955856399,-0.0377512214386848
2.76505452338511,0.459939410236366,0.615986057627196,-0.0182666961529013
3.11774608227601,0.45812493821457,0.630631714505871,-0.0230855902991026
2.30325372626405,0.119217177261444,0.601617724356092,-0.00393274429480306
2.25228376729228,0.149602094079919,0.599919440297745,-0.00485406500462682
3.25624724193584,0.216519838747406,0.641336261022281,-0.0126373280246111
3.31464872605624,0.429163438474395,0.641079130209117,-0.0255191174956181
3.81910764144808,0.240717425467452,0.683204323232884,-0.0254568138092464
3.84606950595854,0.143316167269447,0.688718457379409,-0.0160186791209295
0.730500790373722,0.720238877219829,0.557452214464445,-0.0384306850093992
0.750024621430555,0.219555964902162,0.544495961255513,-0.0132006508748271
4.5176032797309,0.205136551629283,0.811134592842004,-0.0827272096606659
4.5236644316591,0.145430583977943,0.826169223620057,-0.063087837374372
2.26271419320806,0.459905718003947,0.599373346665491,-0.0145795890054229
2.25425383271012,0.208186738310707,0.599886990207389,-0.00673823935065854
1.75,0.150422184188059,0.584310345684804,-0.00471496621319334
1.74734468350549,0.222458026103485,0.58429839013038,-0.00694307108544745
4.04496395539048,0.1646378973502,0.712945347278063,-0.024627197426091
4.00120646799061,0.279418703611073,0.701550589877719,-0.0376505624601011
2.35281074245598,0.218513111441023,0.603059972613885,-0.00729340242177501
2.32442205081517,0.562008688900503,0.600672413637225,-0.0179128954482523
2.12868589482989,0.599447754757129,0.594999556688154,-0.0180134340138187
1.94987772780335,0.225046536080038,0.590453190229376,-0.00692826501880028
4.10173167979091,0.264491963293739,0.715602543116665,-0.0419817639610029
4.0476866357399,0.235003640672708,0.709968604878334,-0.0345621731979817
1.33224811159675,0.66227311251675,0.574620016573366,-0.0221574368350401
1.34794486269002,0.223056430446085,0.571305140131251,-0.00807966395688542
2.71922627234758,0.501514995731842,0.613867686505684,-0.0192871089818755
2.60221715726242,0.350777537349349,0.610995980998181,-0.0129059247985397
2.45081111244928,0.221471138219642,0.606337674781303,-0.00767569471995977
2.4005254683224,0.255170188260765,0.604531453183775,-0.00864736588077919
3.89977013945703,0.316807338417207,0.688277656800213,-0.0364789029025424
3.71407231921352,0.260973048423834,0.67278746613298,-0.024111965178693
0.383883653837852,0.320534259365008,0.522277888882726,-0.0290960474881239
0.205070728486335,0.774104182015265,0.531314801813524,-0.0742608506043664
1.92927606604105,0.610258833634995,0.58970945705715,-0.0178622352691016
2.08948497912209,0.499318514871581,0.594222351338338,-0.0151308849331014
0.193719898801107,0.11190498987897,0.493226368468597,-0.0209745008800037
0.238806887027262,0.147677355482498,0.501627397871527,-0.0213585584844282
1.01741336256212,0.549400112305385,0.563064206579996,-0.0237282111011822
0.250303578668563,0.409201460355717,0.51618993521318,-0.0407936530717751
0.388772461666784,0.251460174862788,0.520127287200546,-0.0236220275269476
0.523748554863819,0.728621772215662,0.549119312808576,-0.0485460492012735
0.598587348602541,0.257889052603739,0.535741453979166,-0.0182985930030005
0.571616006695847,0.689522066078487,0.549382151028191,-0.04418990539888
2.91953350872256,0.483779914969173,0.621672054432717,-0.021086312815683
2.80221685780288,0.263412976923994,0.619170671647318,-0.0109336031805675
2.85157571887049,0.225523008045706,0.621461650884139,-0.00968704539765752
2.75150173892425,0.227833207588089,0.617351519050424,-0.00919571567309363
1.79531908778675,0.261968853002261,0.585799552255766,-0.00809414662775187
1.69450151877263,0.263323646419037,0.582738855607043,-0.00827316681635692
1.77892637333627,0.584994307270084,0.58579243008911,-0.0172856802070732
1.54735674073469,0.223765438817323,0.57802937219462,-0.00736973288011045
0.83078197551433,0.713509298228088,0.560796591775682,-0.0345100835850241
0.777046478339727,0.680001555696794,0.557694675848686,-0.0351570761506036
0.246151579327592,0.732223858148151,0.531661686543508,-0.0670108190863425
0.337782038606844,0.215700839337507,0.514559973232016,-0.0225981261907074
3.75974966022114,0.218273780040852,0.678116505595788,-0.0215090294553562
3.73391034792453,0.324440211579579,0.672451113031711,-0.0302238080484289
2.20580727147838,0.24650509976236,0.598279925000436,-0.00785736554180028
2.05191931269346,0.226975542821007,0.593554034194282,-0.00704113121223504
3.85829807173207,0.201406357527104,0.68851885393423,-0.0226377045199299
3.83926168769638,0.300152024528394,0.682976112883119,-0.0320734120352616
2.95150293889618,0.223236595139186,0.625838280576138,-0.0102582537159187
3.0569855667243,0.360270123528224,0.629304318170313,-0.0176077190576884
2.50069195943125,0.261922890410065,0.607905489967891,-0.00925063351822142
2.70515945771089,0.345280540738774,0.614791733402098,-0.0134303596058969
1.03095445259424,0.698937020558143,0.566781636441998,-0.0283925128171608
1.14905243532169,0.218691598808498,0.563769288402008,-0.00906468055208676
3.47165854222226,0.263171426999131,0.654080608273376,-0.0186638853567536
3.32148859106674,0.255116095208013,0.644656651225742,-0.0157058588574184
0.429091893827412,0.445635764500666,0.530219543488017,-0.0362024221585688
0.649580526840686,0.22031181444668,0.538351074569899,-0.01483285790672
1.82969976738807,0.619839781636601,0.587150189006418,-0.0181173081714909
1.4773851609045,0.523579216749631,0.577342214805319,-0.0169375205448545
2.86540901881327,0.453260947782457,0.619911225205872,-0.0191611307816798
2.96467900081564,0.44260340762479,0.624104261538932,-0.0200141230644739
2.80566345183414,0.340620404470849,0.618712954197973,-0.0140651666467542
2.75809154811298,0.383413132390744,0.616479624180091,-0.0153120742342633
0.544856354185437,0.373535321021269,0.535300218722605,-0.0273262258353498
0.548158756712507,0.221525819944236,0.53146213430635,-0.0168822989761126
1.49431722460065,0.265801729651628,0.576447635032315,-0.00890466872592832
1.64715683526713,0.223196657363292,0.581197841550251,-0.00711935680984932
2.90224370666449,0.260359652349755,0.623383920990158,-0.0115305908733097
2.95777590466909,0.369713657195269,0.624734652378348,-0.016807394364212
1.53082054274744,0.647115547974714,0.579654544771653,-0.0199141711039718
1.59451357600183,0.2646329458592,0.579643458011046,-0.00854056707532391
2.42200468351445,0.552750774945991,0.603639569210383,-0.0182862852793771
2.31614229896425,0.41960669445005,0.601171756835729,-0.0135902876662957
2.22613286218398,0.577566537323177,0.597775556691656,-0.017823730718427
2.27117808831724,0.534025409733313,0.599277302548813,-0.0168033173880848
0.491777902468612,0.332441034669612,0.530455635646451,-0.0262413393162555
0.225547846760989,0.56458707052695,0.52039150324436,-0.0535354386197634
2.90553752978751,0.335057885094376,0.622866923056431,-0.0147610565801215
2.85831613602477,0.377428668337181,0.620480749585458,-0.016042695625208
1.47938277046779,0.60949205127211,0.578035012237718,-0.0193046137892336
1.0498371252312,0.219118851780864,0.559598008008177,-0.00984395813365857
0.275536591987553,0.248105460706653,0.510898023905074,-0.0281384896590345
0.22469716902748,0.212908228402462,0.504885975319617,-0.0282909372886543
1.68003055479934,0.511033867223514,0.582953629421604,-0.0155549657995839
1.53280824753612,0.391904733572152,0.578206617041031,-0.0127122800583362
3.00499020839463,0.328382109310497,0.627300585714128,-0.0155124576836738
3.10230505639612,0.252872527183997,0.632740576638618,-0.0129553383419619
0.353432918478897,0.710496984390496,0.53834085122773,-0.0578295758744547
0.372215917013269,0.591064314027197,0.532803387011507,-0.0485705382789821
1.07759278132199,0.658763357768086,0.567314423819308,-0.0261527272288018
0.877335030702124,0.672734961979209,0.561118137710262,-0.0316187699305616
2.10558649782099,0.261801554659362,0.59515522274129,-0.00816414945785615
2.00096314990766,0.264324222829451,0.591980293363085,-0.00813582550937242
2.1742258118774,0.557398451828381,0.596410985642243,-0.0170309376417567
1.78036009298488,0.504951213948687,0.585692118118021,-0.0151412408917849
0.219790819212109,0.671216449040049,0.525170194186261,-0.0632299910755595
0.258793237257879,0.624908350608147,0.526020288592114,-0.0569919648984391
1.57958824521627,0.601380854365312,0.580639064207441,-0.018427117144985
1.73044601236634,0.628864395459519,0.584641163190579,-0.0185219390554551
1.68878746347522,0.34516977899463,0.58273622609878,-0.0107606589270499
1.73227706586608,0.466792550297598,0.584283343605248,-0.0141800147248462
1.11261147058792,0.464265636459176,0.565041891459664,-0.0189746998533084
1.07091186646291,0.583284525007528,0.565598946223768,-0.023858484803491
3.0517537633127,0.220843437140395,0.630545760926014,-0.010917392508427
3.00201106574474,0.256603279999034,0.627881950819422,-0.0121880424218342
1.63084632485327,0.638075714351912,0.582149391018495,-0.0191154085492568
1.6796332209482,0.593062619064037,0.583222648173904,-0.0177582367424601
2.3695429469381,0.522150465517553,0.60225634129038,-0.0170059573727908
2.56323797934904,0.496056618135773,0.608563993307988,-0.0176007123053487
0.272512638442741,0.307918542489128,0.513523290923526,-0.0327521940764962
0.436018001497334,0.364859138823245,0.527658321457868,-0.0303905085596736
2.65521724462694,0.390551200062781,0.612605842186142,-0.0147093850450719
2.42577767918872,0.421268712557189,0.604610622772297,-0.0141991468636449
3.42929527433774,0.214711387508128,0.652025765531309,-0.0147022845212964
3.46622885758986,0.339350514395606,0.652126051231188,-0.0236199042405341
0.80002271717456,0.330878161258112,0.549124720003307,-0.018503655392358
0.977819693318338,0.666711577584314,0.564345296095386,-0.0286679656512904
1.17755946298804,0.645112448485609,0.570055398333499,-0.023887794984931
1.17070612321766,0.571503977041942,0.568658862821561,-0.0217463182580321
1.24832637085904,0.214016307287277,0.567618254627599,-0.00826036567786992
1.19796167701782,0.248227486409058,0.565911711966703,-0.00988686517474424
2.15254012713768,0.492398738763039,0.596031084199516,-0.0151148575682726
1.89768211115161,0.261888583079117,0.588877628382727,-0.00803690720558825
0.849996440671273,0.369162574779912,0.552375949632482,-0.0194737859691281
0.899997585728516,0.329446073488285,0.554078576460469,-0.0166831795066349
3.25812416505808,0.404364059798813,0.638565551211568,-0.0230185160021518
3.16137318634951,0.415934802123189,0.633441836556066,-0.0218375322840452
1.98394198851363,0.493745567773172,0.591285446434452,-0.0147844288287013
1.99977402323726,0.340070413806857,0.59188951761277,-0.0103941160658113
0.970959518145303,0.592653502092113,0.562325708940336,-0.0262965863631174
1.22240788126765,0.458378412865679,0.56881868876981,-0.0173120414813808
1.42857676084586,0.394296141833444,0.574987818449055,-0.013369954029817
1.37534512823756,0.52978486961288,0.574420916043723,-0.0179529988638718
2.65131269421908,0.230192686181018,0.613473161056499,-0.00877749853376875
2.60145582201203,0.268791520723386,0.611444391816682,-0.00995738753260511
2.52038739774953,0.544156306934693,0.606764927587349,-0.0187968322660165
2.46660209626058,0.517094658709487,0.605280530232313,-0.0175120175904059
3.31967281952285,0.315834858247954,0.643597057719585,-0.01924710052929
3.15498983377184,0.348679095033149,0.634198255168696,-0.0184048158577967
0.443308983646268,0.616806434874659,0.538740681781624,-0.0466580622369058
0.598125700810499,0.335268876421793,0.537596860776567,-0.0233343804135591
0.443747564061294,0.221155377062044,0.523546021709073,-0.0194448196381862
0.49461865720364,0.257811357410632,0.528454396048447,-0.0208312196173902
2.22374835965994,0.312728183440559,0.598688973643451,-0.0099619007980476
2.36972709019636,0.453868162796466,0.602660000419758,-0.0149156812678468
2.04730127373388,0.457554631765535,0.593117669934848,-0.0138600502369075
2.11054234203547,0.340363615772892,0.595179799366591,-0.0105507426613395
1.38432133050975,0.3495515742595,0.573265803113599,-0.0122101680590061
1.39486917161192,0.264127370433958,0.573132411468427,-0.0092807442274786
2.49547554418636,0.329910586773067,0.607410420166989,-0.0115599051707069
2.3925143973851,0.322324857246458,0.604017136133993,-0.0108317800747142
1.27380553696095,0.558502176450901,0.571683661512584,-0.0199102016543469
1.16575849835645,0.355657100343386,0.565634430682153,-0.0142748804832201
1.42420678858787,0.481821664349214,0.575472857159927,-0.0161044553893517
0.917149999907592,0.558007432800739,0.55948689434541,-0.026279750101413
1.11705510875937,0.539170551086019,0.566373917860697,-0.0215432362897269
2.43758362626708,0.356613503568337,0.605339174195472,-0.0121601622364113
2.4701909486766,0.453894899041772,0.605839549644261,-0.0155228087882305
1.52808203801588,0.477648469505759,0.578513996950862,-0.0152898508330446
1.48648134268272,0.350309958300254,0.576567397122152,-0.0116494091950693
0.328812303009633,0.64228149018141,0.532446492131066,-0.0545070082867216
0.336273117422689,0.524354361604684,0.527115825233695,-0.0455644402479897
1.21820988081139,0.530264111446477,0.569583991089186,-0.0197411360430595
1.3216462064257,0.504393557812181,0.572543869356185,-0.0177093874571189
1.10328191875697,0.323811893092425,0.562863988526804,-0.013714180369619
1.21089442762965,0.315679326983146,0.566937937169763,-0.0123434553724495
1.00114619068293,0.326822072433371,0.55863764814475,-0.015080592626571
0.649727380365955,0.374192566025534,0.541783971418442,-0.0243262612040536
1.73680656938902,0.384747324588538,0.584237311820238,-0.0118232229052625
1.83985142442342,0.381635226814776,0.587221842896547,-0.0115938480935989
1.79049502896769,0.342412018911721,0.585742764597125,-0.0104985154823819
1.88133047943299,0.499135005796798,0.588453048298907,-0.0148864448150876
0.816466239118113,0.563041916790075,0.555521559162193,-0.0291611738202409
0.560575102363066,0.613308866249742,0.545263095490499,-0.040867236222712
0.700213649588552,0.334051164828728,0.543725120735958,-0.0207495979648221
0.750631584519504,0.371576612977059,0.547367725585381,-0.0216828215753558
0.870235589631183,0.598002727906184,0.55869994151641,-0.0290590239038581
0.854417514413609,0.447064655944655,0.554216261596821,-0.0230569056619704
0.666643443435926,0.6100625790982,0.550413915749308,-0.0362939057161356
0.652337651600412,0.452649826445055,0.544199836345591,-0.0287222312862306
1.57884735004801,0.517826610418836,0.580176421663973,-0.016162427646791
1.63050276353614,0.472492718564912,0.581430210030528,-0.0146544928047596
2.28657647178672,0.311062604637686,0.600658372338973,-0.0100890438790876
2.32712365907462,0.352718597888893,0.601794458576551,-0.0115465178690599
0.908975047610228,0.483074436338521,0.55741688941678,-0.0234236362803099
1.05475744455165,0.361527852194165,0.56135881328113,-0.0158275190606108
0.363203493795771,0.46335885595513,0.526405813982604,-0.0400932271189199
0.485675803932996,0.493534634719488,0.535821959815522,-0.0370791732712392
1.83424599196354,0.462129196142682,0.587128385425347,-0.0138881934170927
1.93794240187421,0.457545180447218,0.590029827660368,-0.0137382717811541
0.769830183014451,0.604266408331806,0.55481205337667,-0.0323521518212897
0.714379396397745,0.569193145103684,0.551166418412794,-0.0326463631941185
0.951144958653669,0.366539945633717,0.557025684062415,-0.0175627357233515
0.955701346793045,0.442266227319211,0.558550467509463,-0.0207526023945221
0.608689622721047,0.573027742879388,0.546094644365051,-0.0367287579096462
0.493440901434533,0.574006573909887,0.539724958996049,-0.0416763055310291
0.545680363319744,0.453852295393725,0.538036611853937,-0.0323436744532847
0.601559981179262,0.494043111213769,0.542743705214975,-0.0327153459835748
1.05938500923657,0.432925332070001,0.562568977099181,-0.0186026810203468
1.01033014350723,0.473945833994701,0.561348123251242,-0.0210219796607964
1.58780096472118,0.348264011965404,0.579700936955987,-0.0111528810659696
1.63473016868908,0.388673856045088,0.58125145526881,-0.012205712261106
1.89438319011282,0.341236719356169,0.588791874893923,-0.0103927946172071
1.94538968009417,0.380140863334495,0.590274609185174,-0.0115320379236439
3.41501334616464,0.387945264443144,0.647774926478755,-0.025462846251386
3.35745411913834,0.372304149677312,0.644714119610005,-0.0232478244563394
0.3298692772331,0.344588005622203,0.51924823187926,-0.0329779864814825
0.316115224860941,0.406635976534904,0.520762918922043,-0.0379877935236819
2.17739800811273,0.367311742902976,0.597128956087714,-0.0115089495225641
2.19598328233509,0.438447132528468,0.597472341431068,-0.0136884406006755
0.755010909800511,0.449833211844967,0.549524938887018,-0.0256253796408162
0.707203246104016,0.490765024116157,0.548280566659832,-0.0290534539511449
1.27579830093944,0.320265882640875,0.569337539364296,-0.0119780488068435
1.17046048550248,0.424713363834301,0.5665990952908,-0.0167621725361862
1.31650366986648,0.375161302324886,0.571185655485644,-0.0135606333183941
1.29081990524995,0.43956871824832,0.570904775582978,-0.0159442986164181
0.0746827254084513,0.93084434198882,0.578767307320467,-0.105541750963932
0.0654739066729027,0.876032782325214,0.531320024099485,-0.113515254066005
3.25485244128302,0.3404521971535,0.63954164187015,-0.0195336956374278
3.20534346947567,0.311341670395046,0.637333427098215,-0.0172082587226873
3.94277607933087,0.263640889528479,0.695496376493811,-0.03279175665003
3.92145805785422,0.207674507699318,0.695369328197006,-0.0254517052952493
2.54647332728045,0.379295009792779,0.608866432015532,-0.0135396018855489
2.53299467884905,0.438624113072632,0.60800688099617,-0.0154552692628387
4.63628434445339,0.153887796830285,0.873764238498593,-0.0967464614137408
4.62635527857348,0.208772147016795,0.848249725712565,-0.117468520443598
